4
0.95 3 3
30 90
dirt-straight-hilly:1,5,10,22-23
dirt-straight-flat:11,15,20,28
dirt-slalom-hilly:2-3,8,24
dirt-slalom-flat:12-13,18,29
asphalt-straight-hilly:4,9,26
asphalt-straight-flat:14,19,27
asphalt-slalom-hilly:6-7,21,30
asphalt-slalom-flat:16-17,25
5
mazda:0.1 0.09 0.06 0.11 0.07 0.13 0.1 0.09 0.06 0.08 0.07 0.04
toyota:0.08 0.05 0.12 0.12 0.07 0.07 0.08 0.07 0.11 0.09 0.11 0.03
ferarri:0.07 0.07 0.08 0.11 0.12 0.06 0.09 0.12 0.08 0.12 0.07 0.01
humvee:0.08 0.08 0.07 0.08 0.06 0.11 0.11 0.11 0.13 0.11 0.03 0.03
go-kart:0.07 0.06 0.08 0.07 0.12 0.12 0.11 0.07 0.08 0.13 0.07 0.02
5
stig:0.12 0.06 0.07 0.08 0.09 0.06 0.07 0.1 0.09 0.13 0.08 0.05
schumacher:0.08 0.08 0.08 0.07 0.07 0.12 0.11 0.13 0.10 0.11 0.03 0.02
anakin:0.08 0.09 0.11 0.07 0.05 0.07 0.13 0.07 0.11 0.06 0.1 0.06
mushroom:0.09 0.1 0.06 0.08 0.1 0.06 0.11 0.11 0.06 0.06 0.1 0.07
crash:0.08 0.05 0.11 0.06 0.09 0.1 0.13 0.07 0.06 0.1 0.07 0.08
all-terrain:0.06 0.07 0.07 0.1 0.1 0.13 0.10 0.09 0.12 0.10 0.03 0.03
mud:0.06 0.06 0.09 0.08 0.11 0.12 0.06 0.11 0.07 0.09 0.07 0.08
low-profile:0.09 0.11 0.11 0.1 0.08 0.06 0.07 0.08 0.06 0.06 0.11 0.07
performance:0.09 0.06 0.06 0.09 0.05 0.08 0.13 0.13 0.11 0.09 0.08 0.03
2 2 1 1 2 3 1 1 3 3 4 4 1 3 2 1 3 1 2 1 3 3 4 5 3 6 4 2 1 1 1 1 1 2 2 2 1 1 1 1
0.15 0.3 0.25 0.2 0.1 0.05 0.15 0.1